pcode  1: |
pcode  2: |  0 |  0 |  0 |  0 |  0 | -943695216 | 32749 |  0 |
pcode  3: |  0 |  0 |  0 |  0 |  0 | -943695216 | 32749 |  0 |  2 |
pcode  4: |  0 |  0 |  0 |  2 |  0 | -943695216 | 32749 |  0 |
pcode  5: |  0 |  0 |  0 |  2 |  0 | -943695216 | 32749 |  0 |  3 |
pcode  6: |  0 |  0 |  0 |  2 |  3 | -943695216 | 32749 |  0 |
pcode  7: |  0 |  0 |  0 |  2 |  3 | -943695216 | 32749 |  0 |  2 |
pcode  8: |  0 |  0 |  0 |  2 |  3 | -943695216 | 32749 |  0 |  2 |  3 |
pcode  9: |  0 |  0 |  0 |  2 |  3 | -943695216 | 32749 |  0 |  0 |
pcode 16: |  0 |  0 |  0 |  2 |  3 | -943695216 | 32749 |  0 |
pcode 17: |  0 |  0 |  0 |  2 |  3 | -943695216 | 32749 |  0 |
pcode 18: |  0 |  0 |  0 |  2 |  3 | -943695216 | 32749 |  0 |  1 |  1 |  0 |
pcode 19: |  0 |  0 |  0 |  2 |  3 | -943695216 | 32749 |  0 |  1 |  1 |  0 |  3 |
pcode 20: |  0 |  0 |  0 |  2 |  3 |  3 | 32749 |  0 |  1 |  1 |  0 |
pcode 21: |  0 |  0 |  0 |  2 |  3 |  3 | 32749 |  0 |
pcode 22: |  0 |  0 |  0 |  2 |  3 |  3 | 32749 |  0 |  3 |
pcode 23: |  0 |  0 |  0 |  2 |  3 |  3 | 32749 |  0 |  3 |  2 |
pcode 24: |  0 |  0 |  0 |  2 |  3 |  3 | 32749 |  0 |  1 |
pcode 25: |  0 |  0 |  0 |  2 |  3 |  3 |  1 |  0 |
pcode 26: |  0 |  0 |  0 |  2 |  3 |  3 |  1 |  0 |  3 |
pcode 27: |  0 |  0 |  0 |  2 |  3 |  3 |  1 |  0 |  3 |  3 |
pcode 28: |  0 |  0 |  0 |  2 |  3 |  3 |  1 |  0 |  0 |
pcode 29: |  0 |  0 |  0 |  2 |  3 |  3 |  1 |  0 |
pcode 30: |  0 |  0 |  0 |  2 |  3 |  3 |  1 |  0 |  1 |
pcode 31: |  0 |  0 |  0 |  2 |  3 |  3 |  1 |  0 |  1 |  0 |
pcode 32: |  0 |  0 |  0 |  2 |  3 |  3 |  1 |  0 |  1 |
pcode 33: |  0 |  0 |  0 |  2 |  3 |  3 |  1 |  0 |  1 |  0 |
pcode 34: |  0 |  0 |  0 |  2 |  3 |  3 |  1 |  0 |  1 |  0 |  0 |
pcode 35: |  0 |  0 |  0 |  2 |  3 |  3 |  1 |  0 |  1 |  0 |
pcode 36: |  0 |  0 |  0 |  2 |  3 |  3 |  1 |  0 |  1 |
pcode 37: |  0 |  0 |  0 |  2 |  3 |  3 |  1 |  0 |
pcode 38: |  0 |  0 |  0 |  2 |  3 |  3 |  1 |  0 |
pcode 39: |  0 |  0 |  0 |  2 |  3 |  3 |  1 |  0 |  1 |  1 |  0 |
pcode 40: |  0 |  0 |  0 |  2 |  3 |  3 |  1 |  0 |  1 |  1 |  0 |  3 |
pcode 41: |  0 |  0 |  0 |  2 |  3 |  3 |  1 |  0 |  1 |  1 |  0 |  3 |  1 |
pcode 42: |  0 |  0 |  0 |  2 |  3 |  3 |  1 |  0 |  1 |  1 |  0 |  4 |
pcode 43: |  0 |  0 |  0 |  2 |  3 |  4 |  1 |  0 |  1 |  1 |  0 |
pcode 44: |  0 |  0 |  0 |  2 |  3 |  4 |  1 |  0 |  1 |  1 |  0 |  4 |
pcode 45: |  0 |  0 |  0 |  2 |  3 |  4 |  1 |  0 |  1 |  1 |  0 |  4 |  2 |
pcode 46: |  0 |  0 |  0 |  2 |  3 |  4 |  1 |  0 |  1 |  1 |  0 |  0 |
pcode 47: |  0 |  0 |  0 |  2 |  3 |  4 |  0 |  0 |  1 |  1 |  0 |
pcode 48: |  0 |  0 |  0 |  2 |  3 |  4 |  0 |  0 |  1 |  1 |  0 |  4 |
pcode 49: |  0 |  0 |  0 |  2 |  3 |  4 |  0 |  0 |  1 |  1 |  0 |  4 |  3 |
pcode 50: |  0 |  0 |  0 |  2 |  3 |  4 |  0 |  0 |  1 |  1 |  0 |  1 |
pcode 51: |  0 |  0 |  0 |  2 |  3 |  4 |  0 |  1 |  1 |  1 |  0 |
pcode 52: |  0 |  0 |  0 |  2 |  3 |  4 |  0 |  1 |
pcode 29: |  0 |  0 |  0 |  2 |  3 |  4 |  0 |  1 |
pcode 30: |  0 |  0 |  0 |  2 |  3 |  4 |  0 |  1 |  0 |
pcode 31: |  0 |  0 |  0 |  2 |  3 |  4 |  0 |  1 |  0 |  0 |
pcode 32: |  0 |  0 |  0 |  2 |  3 |  4 |  0 |  1 |  0 |
pcode 33: |  0 |  0 |  0 |  2 |  3 |  4 |  0 |  1 |  0 |  1 |
pcode 34: |  0 |  0 |  0 |  2 |  3 |  4 |  0 |  1 |  0 |  1 |  0 |
pcode 35: |  0 |  0 |  0 |  2 |  3 |  4 |  0 |  1 |  0 |  1 |
pcode 36: |  0 |  0 |  0 |  2 |  3 |  4 |  0 |  1 |  1 |
pcode 37: |  0 |  0 |  0 |  2 |  3 |  4 |  0 |  1 |
pcode 38: |  0 |  0 |  0 |  2 |  3 |  4 |  0 |  1 |
pcode 39: |  0 |  0 |  0 |  2 |  3 |  4 |  0 |  1 |  1 |  1 |  0 |
pcode 40: |  0 |  0 |  0 |  2 |  3 |  4 |  0 |  1 |  1 |  1 |  0 |  4 |
pcode 41: |  0 |  0 |  0 |  2 |  3 |  4 |  0 |  1 |  1 |  1 |  0 |  4 |  1 |
pcode 42: |  0 |  0 |  0 |  2 |  3 |  4 |  0 |  1 |  1 |  1 |  0 |  5 |
pcode 43: |  0 |  0 |  0 |  2 |  3 |  5 |  0 |  1 |  1 |  1 |  0 |
pcode 44: |  0 |  0 |  0 |  2 |  3 |  5 |  0 |  1 |  1 |  1 |  0 |  5 |
pcode 45: |  0 |  0 |  0 |  2 |  3 |  5 |  0 |  1 |  1 |  1 |  0 |  5 |  2 |
pcode 46: |  0 |  0 |  0 |  2 |  3 |  5 |  0 |  1 |  1 |  1 |  0 |  1 |
pcode 47: |  0 |  0 |  0 |  2 |  3 |  5 |  1 |  1 |  1 |  1 |  0 |
pcode 48: |  0 |  0 |  0 |  2 |  3 |  5 |  1 |  1 |  1 |  1 |  0 |  5 |
pcode 49: |  0 |  0 |  0 |  2 |  3 |  5 |  1 |  1 |  1 |  1 |  0 |  5 |  3 |
pcode 50: |  0 |  0 |  0 |  2 |  3 |  5 |  1 |  1 |  1 |  1 |  0 |  2 |
pcode 51: |  0 |  0 |  0 |  2 |  3 |  5 |  1 |  2 |  1 |  1 |  0 |
pcode 52: |  0 |  0 |  0 |  2 |  3 |  5 |  1 |  2 |
pcode 29: |  0 |  0 |  0 |  2 |  3 |  5 |  1 |  2 |
pcode 30: |  0 |  0 |  0 |  2 |  3 |  5 |  1 |  2 |  1 |
pcode 31: |  0 |  0 |  0 |  2 |  3 |  5 |  1 |  2 |  1 |  0 |
pcode 32: |  0 |  0 |  0 |  2 |  3 |  5 |  1 |  2 |  1 |
pcode 33: |  0 |  0 |  0 |  2 |  3 |  5 |  1 |  2 |  1 |  2 |
pcode 34: |  0 |  0 |  0 |  2 |  3 |  5 |  1 |  2 |  1 |  2 |  0 |
pcode 35: |  0 |  0 |  0 |  2 |  3 |  5 |  1 |  2 |  1 |  1 |
pcode 36: |  0 |  0 |  0 |  2 |  3 |  5 |  1 |  2 |  1 |
pcode 37: |  0 |  0 |  0 |  2 |  3 |  5 |  1 |  2 |
pcode 38: |  0 |  0 |  0 |  2 |  3 |  5 |  1 |  2 |
pcode 39: |  0 |  0 |  0 |  2 |  3 |  5 |  1 |  2 |  1 |  1 |  0 |
pcode 40: |  0 |  0 |  0 |  2 |  3 |  5 |  1 |  2 |  1 |  1 |  0 |  5 |
pcode 41: |  0 |  0 |  0 |  2 |  3 |  5 |  1 |  2 |  1 |  1 |  0 |  5 |  1 |
pcode 42: |  0 |  0 |  0 |  2 |  3 |  5 |  1 |  2 |  1 |  1 |  0 |  6 |
pcode 43: |  0 |  0 |  0 |  2 |  3 |  6 |  1 |  2 |  1 |  1 |  0 |
pcode 44: |  0 |  0 |  0 |  2 |  3 |  6 |  1 |  2 |  1 |  1 |  0 |  6 |
pcode 45: |  0 |  0 |  0 |  2 |  3 |  6 |  1 |  2 |  1 |  1 |  0 |  6 |  2 |
pcode 46: |  0 |  0 |  0 |  2 |  3 |  6 |  1 |  2 |  1 |  1 |  0 |  0 |
pcode 47: |  0 |  0 |  0 |  2 |  3 |  6 |  0 |  2 |  1 |  1 |  0 |
pcode 48: |  0 |  0 |  0 |  2 |  3 |  6 |  0 |  2 |  1 |  1 |  0 |  6 |
pcode 49: |  0 |  0 |  0 |  2 |  3 |  6 |  0 |  2 |  1 |  1 |  0 |  6 |  3 |
pcode 50: |  0 |  0 |  0 |  2 |  3 |  6 |  0 |  2 |  1 |  1 |  0 |  0 |
pcode 51: |  0 |  0 |  0 |  2 |  3 |  6 |  0 |  0 |  1 |  1 |  0 |
pcode 52: |  0 |  0 |  0 |  2 |  3 |  6 |  0 |  0 |
pcode 29: |  0 |  0 |  0 |  2 |  3 |  6 |  0 |  0 |
pcode 30: |  0 |  0 |  0 |  2 |  3 |  6 |  0 |  0 |  0 |
pcode 31: |  0 |  0 |  0 |  2 |  3 |  6 |  0 |  0 |  0 |  0 |
pcode 32: |  0 |  0 |  0 |  2 |  3 |  6 |  0 |  0 |  0 |
pcode 33: |  0 |  0 |  0 |  2 |  3 |  6 |  0 |  0 |  0 |  0 |
pcode 34: |  0 |  0 |  0 |  2 |  3 |  6 |  0 |  0 |  0 |  0 |  0 |
pcode 35: |  0 |  0 |  0 |  2 |  3 |  6 |  0 |  0 |  0 |  0 |
pcode 36: |  0 |  0 |  0 |  2 |  3 |  6 |  0 |  0 |  0 |
pcode 53: |  0 |  0 |  0 |  2 |  3 |  6 |  0 |  0 |
pcode 54: |  0 |  0 |  0 |  2 |  3 |  6 |  0 |  0 |  6 |
pcode 55: |  0 |  0 |  0 |  2 |  3 |  6 |  0 |  0 |
pcode 56: |  0 |  0 |  0 |  2 |  3 |  6 |  0 |  0 |
pcode  0: |
